3180636055367293
3146310195481912
3577655828935495
3174106129308893
4396795226999013
3320847697986385
3980720741953623
2472895532811981
2922274701139502
3194307653964335
2896315923786017
3776420639098175
3776420639098175
3776420639098175
3776420639098175
3776420639098175
3776420639098175
2736809259771226
3776420639098175
3254119911288546
3107855219236056
3815035868514280
2447763595352517
2825696670843334
3084958011618239
2839319122820702
3203058013055179
3203058013055179
3203058013055179
2947168742010596
2447763595352517
2447763595352517
4035747089783850
2992480100803377
2898304843594717
3583293755078323
2509913289109050
2509913289109050
2436132849821142
2699548280121740
2436132849821142
3875955975811326
3484105878286202
3121969407846950
3290026004403715
3350227478376712
3359125164126072
3121993211169697
3526701504011895
3350227478376712
3128900957224085
2618203764943596
3062933567108537
3424260394285738
2828156463899944
3173953082700586
3173953082700586
2809262452487986
3019325808113545
2948479851901435
2453425864783187
3190159091018666
3299903860054541
3302894903085854
3180636055367293
3166728953385616
3481155538591780
2405722812870255
3118309838197140
2584152088288701
2903405093027966
2830114220343385
2865167516899771
3070945769588462
3277718922300776
3190159091018666
2401093093332313
2500458130023462
2549497265126188
2664267836990245
2647041205342083
3121969407846950
2575646512526818
2690899597637436
2775664095831771
2447375052038483
2500635190062895
2962766677093532
2663305043749035
2604017476318165
3352531754819787
2659405964178768
2797973093626650
2648965961861514
2496044460507609
2843746555684775
2663305043749035
2807400262691893
3316092318454052
2650167075069880
2825696670843334
2805613879487611
2805613879487611
2805613879487611
2825696670843334
2805613879487611
2604017476318165
3295525940503864
4289182381095669
2820150111365098
2825696670843334
2820150111365098
2820150111365098
3352531754819787
2901866869934988
4289182381095669
3176968772388903
2962767070433719
2683237998410641
2587858351333976
4281276688579408
4281276688579408
2648965961861514
3272145602829155
2674433789336848
4168300659909645
4168300659909645
4168300659909645
4168300659909645
4168300659909645
4168300659909645
4168300659909645
2540776732691484
2540776732691484
2677498608998794
3002496206481299
2837833282972238
2837833282972238
2845007608852359
2938303062904921
2953826234694592
2953826234694592
2953826234694592
2953826234694592
3546848591999848
3546848591999848
3071056002934257
2825696670843334
3282240281868097
3132059706879006
3132059706879006
3126270584156866
3364945826884449
2662758957183278
3364945826884449
2662758957183278
3192789894135682
3192789894135682
3192789894135682
3227815063951159
3227815063951159
2911943715578916
2926442077468159
2926442077468159
2926442077468159
2926442077468159
2926442077468159
2926442077468159
3471498766215030
2926442077468159
4140594742632675
3160470320709812
3261723680561733
2953826234694592
2662758957183278
3054045908027595
3352531754819787
3352531754819787
3352531754819787
2918195438199844
2705512579548405
3204856386216904
3204856386216904
4763450797014013
4763450797014013
3180636055367293
3083586768367556
3114419922012532
3666587010077902
3114419922012532
3114419922012532
3114419922012532
3114419922012532
4051516884918547
3168302609866683
3332821776779190
3332821776779190
3310661498977064
3332821776779190
4501278033223638
2970327776430175
2970327776430175
4306184902757359
2953826234694592
3192789894135682
3192789894135682
3192789894135682
3174145939337419
4306184902757359
2859829670762958
3047747068673374
3131011507018512
3125600670850701
3125600670850701
2963698363752413
3163166543765998
3133004670109423
4800229866657633
3637348986300013
3637348986300013
3637348986300013
3338125269572448
3065497580176896
3401848203180241
3218964254849481
3282574171824704
3282574171824704
2868694256576047
3243381499078896
4763450797014013
4763450797014013
3883267495021947
3156017571112862
2851197001651780
2738438586238127
3223710337675719
3517234268287457
4813254985366837
3771904422823672
3203058013055179
2951352874974053
2749963651750803
2536609563042162
3771904422823672
3134997566569737
3151171381642430
3133004670109423
3133004670109423
3684787764929416
3168672296503303
3174902675959427
3322350584558320
4167123853358169
3157121074404284
3329086120468445
3329086120468445
3421162191269019
3635703646461035
2976164509161402
3331327790247454
3246441785421003
3334778126561932
3496746183721467
3305475222849622
3549456615066878
4093035634061563
3146792115434264
3146792115434264
3146792115434264
3249363678453160
3249363678453160
3566023680076529
3099036363484884
3099036363484884
3401522123193469
3332821776779190
2873706292729599
3332821776779190
3401522123193469
3401522123193469
4116770115060242
4116770115060242
4116770115060242
4116770115060242
4273961702679116
3064210913694673
3129268960475836
2962914680486697
4011444588899893
3295531507134338
3295531507134338
3219575408099540
3450535721678700
4483658908318704
4617483848276771
3558636287480935
3207284732651374
3258632800862855
3309300912463799
3097544130365684
2259336480858069
3097544130365684
1881787275278555
3179536098793193
2799342213514310
4150768424996972
3739914232694969
4170463043028042
4196688980401294
3338125269572448
3135479903165453
3065497580176896
2828148057273603
2828148057273603
3389040624451117
3389040624451117
3389040624451117
4138692162869903
4138692162869903
3472003006165110
3065497580176896
3065497580176896
3065497580176896
3389040624451117
3065497580176896
3389040624451117
3389040624451117
3611946852172995
2985901294761665
3181393391942458
3187047621330835
3065497580176896
3065497580176896
3406897886039988
3406897886039988
2886718488100596
3157089267678839
3002855373113507
3184832601602610
3263539820378052
4128756037195616
3160503760732660
3387198501343030
2503249036459461
2503249036459461
3670896519607022
3708143645879687
3708143645879687
4720207564659710
4218260914914928
3096166493795165
3161999333877608
3143919882370875
3404780002918624
2961562820578222
4348652655176954
4068969889841034
3657939624236160
3657939624236160
4049808208423320
3106887052741043
2911029522276595
3313427852084069
3313427852084069
3657939624236160
3151171381642430
3569750566370937
4866324246726872
3352531754819787
3313427852084069
3271303486272154
4376708979068724
4793133620712662
2243673289066475
3168968956521251
3168968956521251
4170463043028042
3147693575340557
2879670695472245
2600960569995088
3123383907782197
2600960569995088
3166497253467228
3352531754819787
2823309521102464
2823309521102464
3404780002918624
3101405866634317
3186225581414287
2993977260727953
3043393819103168
3250341045060813
3498127273552066
3556578291043295
